/*--------------------------------*- C++ -*----------------------------------*\
  =========                 |
  \\      /  F ield         | OpenFOAM: The Open Source CFD Toolbox
   \\    /   O peration     | Website:  https://openfoam.org
    \\  /    A nd           | Version:  7
     \\/     M anipulation  |
\*---------------------------------------------------------------------------*/
FoamFile
{
    version     2.0;
    format      ascii;
    class       volScalarField;
    location    "60";
    object      G;
}
// * * * * * * * * * * * * * * * * * * * * * * * * * * * * * * * * * * * * * //

dimensions      [1 0 -3 0 0 0 0];

internalField   uniform -2.995373323e-135;

boundaryField
{
    walls
    {
        type            MarshakRadiation;
        refValue        nonuniform List<scalar> 
960
(
669685.5434
700412.6843
719415.2085
731053.4474
677985.4067
663099.4356
673603.7287
648005.1499
640073.1591
660299.4827
673185.8312
707722.6226
734772.4471
736884.8657
729488.8409
707241.5008
714125.2178
685127.0177
674633.2607
667909.0886
987404.0471
1043338.881
1070007.642
1082314.383
965749.4463
964934.3317
1012253.481
952691.045
929294.5218
972179.7254
978195.8931
1051747.05
1090083.018
1041229.693
1040250.783
1005645.508
1050422.046
969013.5146
950935.2417
972393.4303
84699.43486
144241.6322
256875.5066
90279.17131
1788.707792
1788.707792
80511.94779
178007.0241
78820.18754
1788.707792
1788.707792
157581.836
160497.1185
1788.707792
1788.707792
159818.9391
116801.6931
1788.707792
1788.707792
92958.68692
1788.707792
1788.707792
35425.13128
1788.707792
1788.707792
1788.707792
1788.707792
21596.11397
9492.107053
1788.707792
1788.707792
32375.51382
33324.29576
1788.707792
1788.707792
21155.41115
1788.707792
1788.707792
1788.707792
1788.707792
1788.707792
1788.707792
6557.186508
1788.707792
1788.707792
1788.707792
1788.707792
5261.357422
1788.707792
1788.707792
1788.707792
10039.93456
9664.937539
1788.707792
1788.707792
1788.707792
1788.707792
1788.707792
1788.707792
1788.707792
1788.707792
1788.707792
1788.707792
1788.707792
1788.707792
1849.762709
1788.707792
1788.707792
1788.707792
1788.707792
1788.707792
4558.267963
4591.096433
1788.707792
1788.707792
1788.707792
1788.707792
1788.707792
1788.707792
1788.707792
1788.707792
1788.707792
1788.707792
1788.707792
1788.707792
1811.849133
1788.707792
1788.707792
1788.707792
1788.707792
1788.707792
2621.566353
3046.170076
1788.707792
1788.707792
1788.707792
1788.707792
1793.008218
1788.707792
1788.707792
1788.707792
1788.707792
1788.707792
1788.707792
1788.707792
1788.707792
1788.707792
1788.707792
1788.707792
1788.707792
1788.707792
1885.185145
2305.388835
1788.707792
1788.707792
1788.707792
1788.707792
1788.707792
1788.707792
1788.707792
1788.707792
1788.707792
1788.707792
1788.707792
1788.707792
1788.707792
1788.707792
1788.707792
1788.707792
1788.707792
1788.707792
1788.707792
1824.788471
1788.707792
1788.707792
1788.707792
1788.707792
1788.707792
1788.707792
1788.707792
1788.707792
1788.707792
1788.707792
1788.707792
1788.707792
1788.707792
1788.707792
1788.707792
1788.707792
1788.707792
1788.707792
1788.707792
1788.707792
1788.707792
1788.707792
1788.707792
1788.707792
1788.707792
1788.707792
1788.707792
1788.707792
1788.707792
1788.707792
1788.707792
1788.707792
1788.707792
1788.707792
1788.707792
1788.707792
1788.707792
1788.707792
1788.707792
1788.707792
1788.707792
1788.707792
1788.707792
1788.707792
1788.707792
1788.707792
1788.707792
1788.707792
1788.707792
1788.707792
1788.707792
1788.707792
1788.707792
1788.707792
1788.707792
1788.707792
1788.707792
1788.707792
1788.707792
1788.707792
1788.707792
1788.707792
1788.707792
1788.707792
1788.707792
1788.707792
1788.707792
685629.6435
700132.1229
709718.5337
682245.2069
682776.3108
667644.8656
664305.2593
660224.2141
636716.2838
647285.0874
651971.1744
661680.0142
637582.1937
624051.9699
646747.308
657672.5579
691169.6336
686820.635
680915.0357
653232.5395
1018251.68
1045302.396
1053288.825
981884.4889
986221.5145
953859.7236
971185.8969
999272.1681
939119.5696
954598.2987
963900.3129
999388.3917
931868.4352
907695.919
955516.0669
953876.7189
1025618.504
984686.8542
958372.533
939660.201
110350.6145
1788.707792
1788.707792
66454.46302
1788.707792
1788.707792
62991.50718
230427.7025
109878.0694
89274.2518
147236.3163
153849.6907
1788.707792
72796.75202
117707.0383
92535.50955
237742.9579
47226.10352
1788.707792
48446.94031
1788.707792
1788.707792
1788.707792
11768.96806
1788.707792
1788.707792
1788.707792
27125.90839
1788.707792
1788.707792
1788.707792
1788.707792
1788.707792
1788.707792
1788.707792
1788.707792
29355.01986
1788.707792
1788.707792
1788.707792
1788.707792
1788.707792
1788.707792
4091.298875
1788.707792
1788.707792
1788.707792
7928.241428
1788.707792
1788.707792
1788.707792
1788.707792
1788.707792
1788.707792
1788.707792
1788.707792
9247.749647
1788.707792
1788.707792
1788.707792
1788.707792
1788.707792
1788.707792
1788.707792
1788.707792
1788.707792
1788.707792
3838.505688
1788.707792
1788.707792
1788.707792
1788.707792
1788.707792
1788.707792
1788.707792
1788.707792
4589.928782
1788.707792
1788.707792
1788.707792
1788.707792
1788.707792
1788.707792
1788.707792
1788.707792
1788.707792
1788.707792
2556.828376
1788.707792
1788.707792
1788.707792
1788.707792
1795.751531
1788.707792
1788.707792
1788.707792
2823.797881
1788.707792
1788.707792
1788.707792
1788.707792
1788.707792
1788.707792
1788.707792
1788.707792
1788.707792
1788.707792
2090.737554
1788.707792
1788.707792
1788.707792
1788.707792
1788.707792
1788.707792
1788.707792
1788.707792
1968.693747
1788.707792
1788.707792
1788.707792
1788.707792
1788.707792
1788.707792
1788.707792
1788.707792
1788.707792
1788.707792
1902.914015
1788.707792
1788.707792
1788.707792
1788.707792
1788.707792
1788.707792
1788.707792
1788.707792
1788.707792
1788.707792
1788.707792
1788.707792
1788.707792
1788.707792
1788.707792
1788.707792
1788.707792
1788.707792
1788.707792
1828.366707
1788.707792
1788.707792
1788.707792
1788.707792
1788.707792
1788.707792
1788.707792
1788.707792
1788.707792
1788.707792
1788.707792
1788.707792
1788.707792
1788.707792
1788.707792
1788.707792
1788.707792
1788.707792
1788.707792
1805.201093
1788.707792
1788.707792
1788.707792
1788.707792
1788.707792
1788.707792
1788.707792
1788.707792
1788.707792
1788.707792
1788.707792
1788.707792
1788.707792
1788.707792
1788.707792
1788.707792
1788.707792
1788.707792
1788.707792
1803.2698
1788.707792
1788.707792
1788.707792
1788.707792
1788.707792
1788.707792
1788.707792
1788.707792
1788.707792
1788.707792
1788.707792
1788.707792
676325.9948
711262.0064
677898.1517
668828.0474
692322.3956
678165.7877
672952.0476
655754.2195
650839.5028
659721.2827
673866.5637
652506.6714
664470.3687
687256.0464
679585.3828
707151.0094
711399.3361
721746.1723
694205.4019
668668.1007
971392.308
1048982.609
961122.6501
957506.8441
1028376.182
989762.6732
988987.9603
959465.2267
952835.1916
973052.6986
1012536.401
953099.7963
968058.1666
1008029.31
981045.3812
1050301.304
1027743.286
1040183.217
985319.9709
948669.5547
177284.41
158511.3965
1788.707792
1788.707792
133110.4802
177685.2964
204308.5811
74329.599
105858.834
92339.29772
1788.707792
83623.76427
136048.5384
108607.897
84272.97694
280801.3802
83752.89816
1788.707792
1788.707792
83651.91435
1788.707792
1788.707792
1788.707792
1788.707792
26770.44167
1788.707792
17864.81657
1788.707792
1788.707792
1788.707792
1788.707792
1788.707792
1788.707792
1788.707792
1788.707792
35776.7392
1788.707792
1788.707792
1788.707792
9856.448134
1788.707792
1788.707792
1788.707792
1788.707792
7704.531419
1788.707792
1788.707792
1788.707792
1788.707792
1788.707792
1788.707792
1788.707792
1788.707792
1788.707792
1788.707792
11455.24498
1788.707792
1788.707792
1788.707792
1788.707792
1788.707792
1788.707792
1788.707792
1788.707792
1788.707792
1788.707792
1788.707792
1788.707792
1788.707792
1788.707792
1995.039094
1788.707792
1788.707792
1788.707792
1788.707792
6074.424347
1788.707792
1788.707792
1788.707792
1788.707792
1788.707792
1788.707792
1788.707792
1788.707792
1788.707792
1788.707792
1788.707792
1788.707792
1788.707792
1788.707792
1910.573387
1789.499262
1788.707792
1788.707792
1788.707792
3694.828246
1788.707792
1788.707792
1788.707792
1788.707792
1788.707792
1788.707792
1788.707792
1788.707792
1788.707792
1788.707792
1788.707792
1788.707792
1788.707792
1788.707792
1821.977794
1790.825165
1788.707792
1788.707792
1788.707792
2542.897216
1788.707792
1788.707792
1788.707792
1788.707792
1788.707792
1788.707792
1788.707792
1788.707792
1788.707792
1788.707792
1788.707792
1788.707792
1788.707792
1788.707792
1792.939509
1788.707792
1788.707792
1788.707792
1788.707792
1788.752604
1788.707792
1788.707792
1788.707792
1788.707792
1788.707792
1788.707792
1788.707792
1788.707792
1788.707792
1788.707792
1788.707792
1788.707792
1788.707792
1788.707792
1788.707792
1788.707792
1788.707792
1788.707792
1788.707792
1788.707792
1788.707792
1788.707792
1788.707792
1788.707792
1788.707792
1788.707792
1788.707792
1788.707792
1788.707792
1788.707792
1788.707792
1788.707792
1788.707792
1788.707792
1788.707792
1788.707792
1788.707792
1788.707792
1788.707792
1788.707792
1788.707792
1788.707792
1788.707792
1788.707792
1788.707792
1788.707792
1788.707792
1788.707792
1788.707792
1788.707792
1788.707792
1788.707792
1788.707792
1788.707792
1788.707792
1788.707792
1788.707792
1788.707792
1788.707792
1788.707792
1788.707792
1788.707792
1788.707792
1788.707792
674105.0314
711691.4383
710012.7237
690683.5446
702352.8457
681774.9929
670814.594
646587.7165
659125.0339
644048.6337
645719.8982
622978.9803
632133.3152
676140.9633
683000.1484
705601.5252
711717.3034
685321.355
664942.629
670359.1298
963583.3196
1051168.399
1032174.514
979841.6226
1044976.423
994810.1628
987860.7031
948034.6491
996565.5748
955358.9419
965573.9266
924240.2996
942865.2683
1026647.557
998464.5957
1029094.755
1053781.63
993259.7099
954435.3604
994590.7191
136030.7685
252620.4404
112694.7228
1788.707792
113980.8009
99710.36066
217832.4461
198728.7654
85504.99333
1788.707792
94925.88568
179420.4902
163323.4012
127107.9271
138717.0838
107044.7747
1788.707792
1788.707792
42913.86183
174164.9953
1788.707792
1788.707792
1788.707792
1788.707792
1788.707792
1788.707792
22812.70747
29582.28502
1788.707792
1788.707792
1788.707792
23357.77259
4726.131884
1788.707792
1788.707792
1788.707792
1788.707792
1788.707792
1788.707792
1788.707792
1788.707792
1788.707792
1788.707792
1788.707792
1788.707792
1788.707792
1788.707792
8762.56283
1788.707792
1788.707792
1788.707792
8779.618733
1788.707792
1788.707792
1788.707792
1788.707792
1788.707792
1788.707792
1788.707792
1788.707792
1788.707792
1788.707792
1788.707792
1788.707792
1788.707792
1788.707792
1788.707792
4697.461147
1788.707792
1830.880405
1788.707792
4844.895566
1788.707792
1788.707792
1788.707792
1788.707792
1788.707792
1788.707792
1788.707792
1788.707792
1788.707792
1788.707792
1788.707792
1788.707792
1788.707792
1788.707792
1788.707792
3199.054772
1788.707792
1794.343235
1788.707792
2186.129554
1788.707792
1788.707792
1788.707792
1788.707792
1788.707792
1788.707792
1788.707792
1788.707792
1788.707792
1788.707792
1788.707792
1788.707792
1788.707792
1788.707792
1788.707792
2506.553521
1808.124035
1788.707792
1788.707792
1788.707792
1788.707792
1788.707792
1788.707792
1788.707792
1788.707792
1788.707792
1788.707792
1788.707792
1788.707792
1788.707792
1788.707792
1788.707792
1788.707792
1788.707792
1788.707792
2155.13818
1829.41309
1788.707792
1788.707792
1788.707792
1788.707792
1788.707792
1788.707792
1788.707792
1788.707792
1788.707792
1788.707792
1788.707792
1788.707792
1788.707792
1788.707792
1788.707792
1788.707792
1788.707792
1788.707792
1891.985819
1819.985292
1794.523202
1788.707792
1788.707792
1788.707792
1788.707792
1788.707792
1788.707792
1788.707792
1788.707792
1788.707792
1788.707792
1788.707792
1788.707792
1788.707792
1788.707792
1788.707792
1788.707792
1788.707792
1822.101669
1828.321978
1804.611752
1788.707792
1788.707792
1788.707792
1788.707792
1788.707792
1788.707792
1788.707792
1788.707792
1788.707792
1788.707792
1788.707792
1788.707792
1788.707792
1788.707792
1788.707792
1788.707792
1788.707792
1827.855681
1835.397896
1808.55849
1788.707792
1788.707792
1788.707792
1788.707792
1788.707792
1788.707792
1788.707792
1788.707792
1788.707792
1788.707792
)
;
        refGradient     uniform 0;
        valueFraction   nonuniform List<scalar> 
960
(
1.406518306e-157
1.487841437e-157
1.563111033e-157
1.631304344e-157
1.691507941e-157
1.742925028e-157
1.784881729e-157
1.8168324e-157
1.838364039e-157
1.849199421e-157
1.849199421e-157
1.838364039e-157
1.8168324e-157
1.784881729e-157
1.742925028e-157
1.691507941e-157
1.631304344e-157
1.563111033e-157
1.487841437e-157
1.406518306e-157
1.406518306e-157
1.487841437e-157
1.563111033e-157
1.631304344e-157
1.691507941e-157
1.742925028e-157
1.784881729e-157
1.8168324e-157
1.838364039e-157
1.849199421e-157
1.849199421e-157
1.838364039e-157
1.8168324e-157
1.784881729e-157
1.742925028e-157
1.691507941e-157
1.631304344e-157
1.563111033e-157
1.487841437e-157
1.406518306e-157
1.406518306e-157
1.487841437e-157
1.563111033e-157
1.631304344e-157
1.691507941e-157
1.742925028e-157
1.784881729e-157
1.8168324e-157
1.838364039e-157
1.849199421e-157
1.849199421e-157
1.838364039e-157
1.8168324e-157
1.784881729e-157
1.742925028e-157
1.691507941e-157
1.631304344e-157
1.563111033e-157
1.487841437e-157
1.406518306e-157
1.406518306e-157
1.487841437e-157
1.563111033e-157
1.631304344e-157
1.691507941e-157
1.742925028e-157
1.784881729e-157
1.8168324e-157
1.838364039e-157
1.849199421e-157
1.849199421e-157
1.838364039e-157
1.8168324e-157
1.784881729e-157
1.742925028e-157
1.691507941e-157
1.631304344e-157
1.563111033e-157
1.487841437e-157
1.406518306e-157
1.406518306e-157
1.487841437e-157
1.563111033e-157
1.631304344e-157
1.691507941e-157
1.742925028e-157
1.784881729e-157
1.8168324e-157
1.838364039e-157
1.849199421e-157
1.849199421e-157
1.838364039e-157
1.8168324e-157
1.784881729e-157
1.742925028e-157
1.691507941e-157
1.631304344e-157
1.563111033e-157
1.487841437e-157
1.406518306e-157
1.406518306e-157
1.487841437e-157
1.563111033e-157
1.631304344e-157
1.691507941e-157
1.742925028e-157
1.784881729e-157
1.8168324e-157
1.838364039e-157
1.849199421e-157
1.849199421e-157
1.838364039e-157
1.8168324e-157
1.784881729e-157
1.742925028e-157
1.691507941e-157
1.631304344e-157
1.563111033e-157
1.487841437e-157
1.406518306e-157
1.406518306e-157
1.487841437e-157
1.563111033e-157
1.631304344e-157
1.691507941e-157
1.742925028e-157
1.784881729e-157
1.8168324e-157
1.838364039e-157
1.849199421e-157
1.849199421e-157
1.838364039e-157
1.8168324e-157
1.784881729e-157
1.742925028e-157
1.691507941e-157
1.631304344e-157
1.563111033e-157
1.487841437e-157
1.406518306e-157
1.406518306e-157
1.487841437e-157
1.563111033e-157
1.631304344e-157
1.691507941e-157
1.742925028e-157
1.784881729e-157
1.8168324e-157
1.838364039e-157
1.849199421e-157
1.849199421e-157
1.838364039e-157
1.8168324e-157
1.784881729e-157
1.742925028e-157
1.691507941e-157
1.631304344e-157
1.563111033e-157
1.487841437e-157
1.406518306e-157
1.406518306e-157
1.487841437e-157
1.563111033e-157
1.631304344e-157
1.691507941e-157
1.742925028e-157
1.784881729e-157
1.8168324e-157
1.838364039e-157
1.849199421e-157
1.849199421e-157
1.838364039e-157
1.8168324e-157
1.784881729e-157
1.742925028e-157
1.691507941e-157
1.631304344e-157
1.563111033e-157
1.487841437e-157
1.406518306e-157
1.406518306e-157
1.487841437e-157
1.563111033e-157
1.631304344e-157
1.691507941e-157
1.742925028e-157
1.784881729e-157
1.8168324e-157
1.838364039e-157
1.849199421e-157
1.849199421e-157
1.838364039e-157
1.8168324e-157
1.784881729e-157
1.742925028e-157
1.691507941e-157
1.631304344e-157
1.563111033e-157
1.487841437e-157
1.406518306e-157
1.406518306e-157
1.487841437e-157
1.563111033e-157
1.631304344e-157
1.691507941e-157
1.742925028e-157
1.784881729e-157
1.8168324e-157
1.838364039e-157
1.849199421e-157
1.849199421e-157
1.838364039e-157
1.8168324e-157
1.784881729e-157
1.742925028e-157
1.691507941e-157
1.631304344e-157
1.563111033e-157
1.487841437e-157
1.406518306e-157
1.406518306e-157
1.487841437e-157
1.563111033e-157
1.631304344e-157
1.691507941e-157
1.742925028e-157
1.784881729e-157
1.8168324e-157
1.838364039e-157
1.849199421e-157
1.849199421e-157
1.838364039e-157
1.8168324e-157
1.784881729e-157
1.742925028e-157
1.691507941e-157
1.631304344e-157
1.563111033e-157
1.487841437e-157
1.406518306e-157
1.406518306e-157
1.487841437e-157
1.563111033e-157
1.631304344e-157
1.691507941e-157
1.742925028e-157
1.784881729e-157
1.8168324e-157
1.838364039e-157
1.849199421e-157
1.849199421e-157
1.838364039e-157
1.8168324e-157
1.784881729e-157
1.742925028e-157
1.691507941e-157
1.631304344e-157
1.563111033e-157
1.487841437e-157
1.406518306e-157
1.406518306e-157
1.487841437e-157
1.563111033e-157
1.631304344e-157
1.691507941e-157
1.742925028e-157
1.784881729e-157
1.8168324e-157
1.838364039e-157
1.849199421e-157
1.849199421e-157
1.838364039e-157
1.8168324e-157
1.784881729e-157
1.742925028e-157
1.691507941e-157
1.631304344e-157
1.563111033e-157
1.487841437e-157
1.406518306e-157
1.406518306e-157
1.487841437e-157
1.563111033e-157
1.631304344e-157
1.691507941e-157
1.742925028e-157
1.784881729e-157
1.8168324e-157
1.838364039e-157
1.849199421e-157
1.849199421e-157
1.838364039e-157
1.8168324e-157
1.784881729e-157
1.742925028e-157
1.691507941e-157
1.631304344e-157
1.563111033e-157
1.487841437e-157
1.406518306e-157
1.406518306e-157
1.487841437e-157
1.563111033e-157
1.631304344e-157
1.691507941e-157
1.742925028e-157
1.784881729e-157
1.8168324e-157
1.838364039e-157
1.849199421e-157
1.849199421e-157
1.838364039e-157
1.8168324e-157
1.784881729e-157
1.742925028e-157
1.691507941e-157
1.631304344e-157
1.563111033e-157
1.487841437e-157
1.406518306e-157
1.406518306e-157
1.487841437e-157
1.563111033e-157
1.631304344e-157
1.691507941e-157
1.742925028e-157
1.784881729e-157
1.8168324e-157
1.838364039e-157
1.849199421e-157
1.849199421e-157
1.838364039e-157
1.8168324e-157
1.784881729e-157
1.742925028e-157
1.691507941e-157
1.631304344e-157
1.563111033e-157
1.487841437e-157
1.406518306e-157
1.406518306e-157
1.487841437e-157
1.563111033e-157
1.631304344e-157
1.691507941e-157
1.742925028e-157
1.784881729e-157
1.8168324e-157
1.838364039e-157
1.849199421e-157
1.849199421e-157
1.838364039e-157
1.8168324e-157
1.784881729e-157
1.742925028e-157
1.691507941e-157
1.631304344e-157
1.563111033e-157
1.487841437e-157
1.406518306e-157
1.406518306e-157
1.487841437e-157
1.563111033e-157
1.631304344e-157
1.691507941e-157
1.742925028e-157
1.784881729e-157
1.8168324e-157
1.838364039e-157
1.849199421e-157
1.849199421e-157
1.838364039e-157
1.8168324e-157
1.784881729e-157
1.742925028e-157
1.691507941e-157
1.631304344e-157
1.563111033e-157
1.487841437e-157
1.406518306e-157
1.406518306e-157
1.487841437e-157
1.563111033e-157
1.631304344e-157
1.691507941e-157
1.742925028e-157
1.784881729e-157
1.8168324e-157
1.838364039e-157
1.849199421e-157
1.849199421e-157
1.838364039e-157
1.8168324e-157
1.784881729e-157
1.742925028e-157
1.691507941e-157
1.631304344e-157
1.563111033e-157
1.487841437e-157
1.406518306e-157
1.406518306e-157
1.487841437e-157
1.563111033e-157
1.631304344e-157
1.691507941e-157
1.742925028e-157
1.784881729e-157
1.8168324e-157
1.838364039e-157
1.849199421e-157
1.849199421e-157
1.838364039e-157
1.8168324e-157
1.784881729e-157
1.742925028e-157
1.691507941e-157
1.631304344e-157
1.563111033e-157
1.487841437e-157
1.406518306e-157
1.406518306e-157
1.487841437e-157
1.563111033e-157
1.631304344e-157
1.691507941e-157
1.742925028e-157
1.784881729e-157
1.8168324e-157
1.838364039e-157
1.849199421e-157
1.849199421e-157
1.838364039e-157
1.8168324e-157
1.784881729e-157
1.742925028e-157
1.691507941e-157
1.631304344e-157
1.563111033e-157
1.487841437e-157
1.406518306e-157
1.406518306e-157
1.487841437e-157
1.563111033e-157
1.631304344e-157
1.691507941e-157
1.742925028e-157
1.784881729e-157
1.8168324e-157
1.838364039e-157
1.849199421e-157
1.849199421e-157
1.838364039e-157
1.8168324e-157
1.784881729e-157
1.742925028e-157
1.691507941e-157
1.631304344e-157
1.563111033e-157
1.487841437e-157
1.406518306e-157
1.406518306e-157
1.487841437e-157
1.563111033e-157
1.631304344e-157
1.691507941e-157
1.742925028e-157
1.784881729e-157
1.8168324e-157
1.838364039e-157
1.849199421e-157
1.849199421e-157
1.838364039e-157
1.8168324e-157
1.784881729e-157
1.742925028e-157
1.691507941e-157
1.631304344e-157
1.563111033e-157
1.487841437e-157
1.406518306e-157
1.406518306e-157
1.487841437e-157
1.563111033e-157
1.631304344e-157
1.691507941e-157
1.742925028e-157
1.784881729e-157
1.8168324e-157
1.838364039e-157
1.849199421e-157
1.849199421e-157
1.838364039e-157
1.8168324e-157
1.784881729e-157
1.742925028e-157
1.691507941e-157
1.631304344e-157
1.563111033e-157
1.487841437e-157
1.406518306e-157
1.406518306e-157
1.487841437e-157
1.563111033e-157
1.631304344e-157
1.691507941e-157
1.742925028e-157
1.784881729e-157
1.8168324e-157
1.838364039e-157
1.849199421e-157
1.849199421e-157
1.838364039e-157
1.8168324e-157
1.784881729e-157
1.742925028e-157
1.691507941e-157
1.631304344e-157
1.563111033e-157
1.487841437e-157
1.406518306e-157
1.406518306e-157
1.487841437e-157
1.563111033e-157
1.631304344e-157
1.691507941e-157
1.742925028e-157
1.784881729e-157
1.8168324e-157
1.838364039e-157
1.849199421e-157
1.849199421e-157
1.838364039e-157
1.8168324e-157
1.784881729e-157
1.742925028e-157
1.691507941e-157
1.631304344e-157
1.563111033e-157
1.487841437e-157
1.406518306e-157
1.406518306e-157
1.487841437e-157
1.563111033e-157
1.631304344e-157
1.691507941e-157
1.742925028e-157
1.784881729e-157
1.8168324e-157
1.838364039e-157
1.849199421e-157
1.849199421e-157
1.838364039e-157
1.8168324e-157
1.784881729e-157
1.742925028e-157
1.691507941e-157
1.631304344e-157
1.563111033e-157
1.487841437e-157
1.406518306e-157
1.406518306e-157
1.487841437e-157
1.563111033e-157
1.631304344e-157
1.691507941e-157
1.742925028e-157
1.784881729e-157
1.8168324e-157
1.838364039e-157
1.849199421e-157
1.849199421e-157
1.838364039e-157
1.8168324e-157
1.784881729e-157
1.742925028e-157
1.691507941e-157
1.631304344e-157
1.563111033e-157
1.487841437e-157
1.406518306e-157
1.406518306e-157
1.487841437e-157
1.563111033e-157
1.631304344e-157
1.691507941e-157
1.742925028e-157
1.784881729e-157
1.8168324e-157
1.838364039e-157
1.849199421e-157
1.849199421e-157
1.838364039e-157
1.8168324e-157
1.784881729e-157
1.742925028e-157
1.691507941e-157
1.631304344e-157
1.563111033e-157
1.487841437e-157
1.406518306e-157
1.406518306e-157
1.487841437e-157
1.563111033e-157
1.631304344e-157
1.691507941e-157
1.742925028e-157
1.784881729e-157
1.8168324e-157
1.838364039e-157
1.849199421e-157
1.849199421e-157
1.838364039e-157
1.8168324e-157
1.784881729e-157
1.742925028e-157
1.691507941e-157
1.631304344e-157
1.563111033e-157
1.487841437e-157
1.406518306e-157
1.406518306e-157
1.487841437e-157
1.563111033e-157
1.631304344e-157
1.691507941e-157
1.742925028e-157
1.784881729e-157
1.8168324e-157
1.838364039e-157
1.849199421e-157
1.849199421e-157
1.838364039e-157
1.8168324e-157
1.784881729e-157
1.742925028e-157
1.691507941e-157
1.631304344e-157
1.563111033e-157
1.487841437e-157
1.406518306e-157
1.406518306e-157
1.487841437e-157
1.563111033e-157
1.631304344e-157
1.691507941e-157
1.742925028e-157
1.784881729e-157
1.8168324e-157
1.838364039e-157
1.849199421e-157
1.849199421e-157
1.838364039e-157
1.8168324e-157
1.784881729e-157
1.742925028e-157
1.691507941e-157
1.631304344e-157
1.563111033e-157
1.487841437e-157
1.406518306e-157
1.406518306e-157
1.487841437e-157
1.563111033e-157
1.631304344e-157
1.691507941e-157
1.742925028e-157
1.784881729e-157
1.8168324e-157
1.838364039e-157
1.849199421e-157
1.849199421e-157
1.838364039e-157
1.8168324e-157
1.784881729e-157
1.742925028e-157
1.691507941e-157
1.631304344e-157
1.563111033e-157
1.487841437e-157
1.406518306e-157
1.406518306e-157
1.487841437e-157
1.563111033e-157
1.631304344e-157
1.691507941e-157
1.742925028e-157
1.784881729e-157
1.8168324e-157
1.838364039e-157
1.849199421e-157
1.849199421e-157
1.838364039e-157
1.8168324e-157
1.784881729e-157
1.742925028e-157
1.691507941e-157
1.631304344e-157
1.563111033e-157
1.487841437e-157
1.406518306e-157
1.406518306e-157
1.487841437e-157
1.563111033e-157
1.631304344e-157
1.691507941e-157
1.742925028e-157
1.784881729e-157
1.8168324e-157
1.838364039e-157
1.849199421e-157
1.849199421e-157
1.838364039e-157
1.8168324e-157
1.784881729e-157
1.742925028e-157
1.691507941e-157
1.631304344e-157
1.563111033e-157
1.487841437e-157
1.406518306e-157
1.406518306e-157
1.487841437e-157
1.563111033e-157
1.631304344e-157
1.691507941e-157
1.742925028e-157
1.784881729e-157
1.8168324e-157
1.838364039e-157
1.849199421e-157
1.849199421e-157
1.838364039e-157
1.8168324e-157
1.784881729e-157
1.742925028e-157
1.691507941e-157
1.631304344e-157
1.563111033e-157
1.487841437e-157
1.406518306e-157
1.406518306e-157
1.487841437e-157
1.563111033e-157
1.631304344e-157
1.691507941e-157
1.742925028e-157
1.784881729e-157
1.8168324e-157
1.838364039e-157
1.849199421e-157
1.849199421e-157
1.838364039e-157
1.8168324e-157
1.784881729e-157
1.742925028e-157
1.691507941e-157
1.631304344e-157
1.563111033e-157
1.487841437e-157
1.406518306e-157
1.406518306e-157
1.487841437e-157
1.563111033e-157
1.631304344e-157
1.691507941e-157
1.742925028e-157
1.784881729e-157
1.8168324e-157
1.838364039e-157
1.849199421e-157
1.849199421e-157
1.838364039e-157
1.8168324e-157
1.784881729e-157
1.742925028e-157
1.691507941e-157
1.631304344e-157
1.563111033e-157
1.487841437e-157
1.406518306e-157
1.406518306e-157
1.487841437e-157
1.563111033e-157
1.631304344e-157
1.691507941e-157
1.742925028e-157
1.784881729e-157
1.8168324e-157
1.838364039e-157
1.849199421e-157
1.849199421e-157
1.838364039e-157
1.8168324e-157
1.784881729e-157
1.742925028e-157
1.691507941e-157
1.631304344e-157
1.563111033e-157
1.487841437e-157
1.406518306e-157
1.406518306e-157
1.487841437e-157
1.563111033e-157
1.631304344e-157
1.691507941e-157
1.742925028e-157
1.784881729e-157
1.8168324e-157
1.838364039e-157
1.849199421e-157
1.849199421e-157
1.838364039e-157
1.8168324e-157
1.784881729e-157
1.742925028e-157
1.691507941e-157
1.631304344e-157
1.563111033e-157
1.487841437e-157
1.406518306e-157
1.406518306e-157
1.487841437e-157
1.563111033e-157
1.631304344e-157
1.691507941e-157
1.742925028e-157
1.784881729e-157
1.8168324e-157
1.838364039e-157
1.849199421e-157
1.849199421e-157
1.838364039e-157
1.8168324e-157
1.784881729e-157
1.742925028e-157
1.691507941e-157
1.631304344e-157
1.563111033e-157
1.487841437e-157
1.406518306e-157
1.406518306e-157
1.487841437e-157
1.563111033e-157
1.631304344e-157
1.691507941e-157
1.742925028e-157
1.784881729e-157
1.8168324e-157
1.838364039e-157
1.849199421e-157
1.849199421e-157
1.838364039e-157
1.8168324e-157
1.784881729e-157
1.742925028e-157
1.691507941e-157
1.631304344e-157
1.563111033e-157
1.487841437e-157
1.406518306e-157
1.406518306e-157
1.487841437e-157
1.563111033e-157
1.631304344e-157
1.691507941e-157
1.742925028e-157
1.784881729e-157
1.8168324e-157
1.838364039e-157
1.849199421e-157
1.849199421e-157
1.838364039e-157
1.8168324e-157
1.784881729e-157
1.742925028e-157
1.691507941e-157
1.631304344e-157
1.563111033e-157
1.487841437e-157
1.406518306e-157
1.406518306e-157
1.487841437e-157
1.563111033e-157
1.631304344e-157
1.691507941e-157
1.742925028e-157
1.784881729e-157
1.8168324e-157
1.838364039e-157
1.849199421e-157
1.849199421e-157
1.838364039e-157
1.8168324e-157
1.784881729e-157
1.742925028e-157
1.691507941e-157
1.631304344e-157
1.563111033e-157
1.487841437e-157
1.406518306e-157
1.406518306e-157
1.487841437e-157
1.563111033e-157
1.631304344e-157
1.691507941e-157
1.742925028e-157
1.784881729e-157
1.8168324e-157
1.838364039e-157
1.849199421e-157
1.849199421e-157
1.838364039e-157
1.8168324e-157
1.784881729e-157
1.742925028e-157
1.691507941e-157
1.631304344e-157
1.563111033e-157
1.487841437e-157
1.406518306e-157
1.406518306e-157
1.487841437e-157
1.563111033e-157
1.631304344e-157
1.691507941e-157
1.742925028e-157
1.784881729e-157
1.8168324e-157
1.838364039e-157
1.849199421e-157
1.849199421e-157
1.838364039e-157
1.8168324e-157
1.784881729e-157
1.742925028e-157
1.691507941e-157
1.631304344e-157
1.563111033e-157
1.487841437e-157
1.406518306e-157
1.406518306e-157
1.487841437e-157
1.563111033e-157
1.631304344e-157
1.691507941e-157
1.742925028e-157
1.784881729e-157
1.8168324e-157
1.838364039e-157
1.849199421e-157
1.849199421e-157
1.838364039e-157
1.8168324e-157
1.784881729e-157
1.742925028e-157
1.691507941e-157
1.631304344e-157
1.563111033e-157
1.487841437e-157
1.406518306e-157
)
;
        emissivityMode  lookup;
        emissivity      uniform 1;
        value           uniform -2.995373323e-135;
    }
    inlet
    {
        type            zeroGradient;
    }
    outlet
    {
        type            zeroGradient;
    }
}


// ************************************************************************* //
